1832026310
8699681311
9340555001
0524557051
5238968099
5390011198
3829534826
4761424665
1774023205
8583509569
4644384722
8637297348
2806112088
0522023998
0759699237
3402415012
3331347258
1364880749
1586716797
6695963935
7103920198
8886694585
0525937524
1015600598
8499421502
7233584756
9976750687
4263121133
1096768254
0343320603
7011579849
3888356680
7681639726
3022515633
1180447153
0093071289
5664547498
2757502401
7252574558
4286302264
4692835027
6875649248
4969619989
2026405782
2865801566
4349081805
2856942376
6241810284
6438298051
4814437057
1213046699
2425866716
4649991691
7005156673
6561749188
8689444122
5097810174
8376916819
4546978368
9470881292
9937542282
7610686556
1410657436
2172866465
4225636626
0084996251
4010023632
4879420466
5552521700
4727626027
4541674946
8086873732
6616483830
7003673549
8992619940
2049923934
5265593200
1733408409
8224284912
4588503677
4846548904
9156074407
5273745242
6793235136
6817200139
2968852729
3989707027
3764785927
7186289390
1722057188
7871080761
5505268396
1080342860
9849533235
6649707186
0984173662
0191976763
9387699494
3283365365
1634838803
2936876598
3848170886
2763197595
4719971117
9563147657
4653335417
0630493380
4113682672
7577768828
5860609983
4114610037
0673166262
8250415146
0682192652
9206748191
7743941107
6630031285
2973385661
5612980698
8283887454
1435920110
9290542359
2079718200
5568519121
4372520253
7526379384
9964450310
4303372553
6349784728
0493239970
8394761874
6001013758
1087377287
1529796570
4564679982
2809405423
7753596265
7345830428
6037367290
8445583070
9760553184
0437504972
7365591963
4532602528
6483221767
8889983841
8541973740
2581167723
0274260194
9305572561
0779559514
6963100604
9731309963
9837386630
5445741413
8320795620
3086912716
6021487272
4266413200
0041106103
7035968637
5719540528
5270511970
1811395405
7049335162
7013347054
2522244482
9773480801
0553558601
9176688857
4486022067
0471109228
5177466441
0173456805
5508915011
2153422729
3504420621
2071644649
3616897539
8754554776
8391323387
3359439879
3348465869
9321817423
5072000861
9601818435
8672565534
4721718205
5084518287
4104505248
3196893618
1383877051
6255392884
6806104890
7539268652
0175920640
7907616700
6564102233
0801083995
0593261288
8045199465
4695327065
2388433008
8140161010
0882545850
7459222826
2865721128
0979352322
8069143470
0326449200
2628376006
3670379118
7881004149
0604492793
8712998829
8293439020
6449157402
6532386386
6689575844
9183914361
5993957069
4743694762
8874586984
4696997875
8999229506
3906491613
0798776999
7366437001
3603384955
0792862204
1143536271
8202268682
2586912889
7862683972
8436216134
2111056316
7236595531
4483309610
7680079584
9028286133
9543262213
4426766458
1201711893
1353981126
1099433851
0737263701
8228555869
2034504140
8838073899
5711964542
6318564248
5579717906
9799903113
1528957197
4058006907
6719348862
4852193271
2854300822
2810470117
9123956732
6011790665
8597197599
3244644466
2316043127
2731503069
8462959611
0524147022
1028862475
5860394318
5947718503
6096337411
5263341369
2520705645
5985218995
6840881364
2408386458
0882190163
2190714782
8653406808
4952800287
6702318478
4888735605
5548672240
6593400570
7308698595
6081745300
7205327458
1395512295
8624032749
4032444102
8582536511
1985803503
3183467919
5769171549
6984854797
7487810992
3199189028
0457993300
6209306309
3702465084
